{
 "cells": [
  {
   "cell_type": "code",
   "execution_count": 2,
   "metadata": {},
   "outputs": [
    {
     "name": "stdout",
     "output_type": "stream",
     "text": [
      "7\n",
      "6\n",
      "6\n",
      "initial m  [10.  10.1 10.7 11.8 13.4 15.5 18.1]\n",
      "evaluated m  [10.  10.1 10.7 11.8 13.4 15.5 18.1]\n",
      "initial m  [10.  10.1 10.7 11.8 13.4 15.5]\n",
      "evaluated m  [10.  10.1 10.7 11.8 13.4 15.5]\n",
      "initial m  [10.  10.1 10.7 11.8 13.4 15.5]\n",
      "evaluated m  [10.  10.1 10.7 11.8 13.4 15.5]\n",
      "initial m  [10.  10.1 10.7 11.8 13.4 15.5 18.1]\n",
      "evaluated m  [10.  10.1 10.7 11.8 13.4 15.5 18.1]\n",
      "initial m  [10.  10.1 10.7 11.8 13.4 15.5]\n",
      "evaluated m  [10.  10.1 10.7 11.8 13.4 15.5]\n",
      "initial m  [10.  10.1 10.7 11.8 13.4 15.5]\n",
      "evaluated m  [10.  10.1 10.7 11.8 13.4 15.5]\n",
      "initial m  [10.  10.1 10.7 11.8 13.4 15.5 18.1]\n",
      "evaluated m  [10.  10.1 10.7 11.8 13.4 15.5 18.1]\n",
      "initial m  [10.  10.1 10.7 11.8 13.4 15.5]\n",
      "evaluated m  [10.  10.1 10.7 11.8 13.4 15.5]\n",
      "initial m  [10.  10.1 10.7 11.8 13.4 15.5]\n",
      "evaluated m  [10.  10.1 10.7 11.8 13.4 15.5]\n",
      "[[[10.       10.033334 10.233334 10.6      11.133333 11.833333]\n",
      "  [10.033334 10.066667 10.266666 10.633333 11.166667 11.866667]\n",
      "  [10.233334 10.266666 10.466666 10.833333 11.366667 12.066667]\n",
      "  [10.6      10.633333 10.833333 11.2      11.733334 12.433333]\n",
      "  [11.133333 11.166667 11.366667 11.733334 12.266666 12.966666]\n",
      "  [11.833333 11.866667 12.066667 12.433333 12.966666 13.666667]]\n",
      "\n",
      " [[10.033334 10.066667 10.266666 10.633333 11.166667 11.866667]\n",
      "  [10.066667 10.1      10.3      10.666667 11.2      11.9     ]\n",
      "  [10.266666 10.3      10.5      10.866667 11.4      12.1     ]\n",
      "  [10.633333 10.666667 10.866667 11.233334 11.766666 12.466666]\n",
      "  [11.166667 11.2      11.4      11.766666 12.3      13.      ]\n",
      "  [11.866667 11.9      12.1      12.466666 13.       13.7     ]]\n",
      "\n",
      " [[10.233334 10.266666 10.466666 10.833333 11.366667 12.066667]\n",
      "  [10.266666 10.3      10.5      10.866667 11.4      12.1     ]\n",
      "  [10.466666 10.5      10.7      11.066667 11.6      12.3     ]\n",
      "  [10.833333 10.866667 11.066667 11.433333 11.966666 12.666667]\n",
      "  [11.366667 11.4      11.6      11.966666 12.5      13.2     ]\n",
      "  [12.066667 12.1      12.3      12.666667 13.2      13.9     ]]\n",
      "\n",
      " [[10.6      10.633333 10.833333 11.2      11.733334 12.433333]\n",
      "  [10.633333 10.666667 10.866667 11.233334 11.766666 12.466666]\n",
      "  [10.833333 10.866667 11.066667 11.433333 11.966666 12.666667]\n",
      "  [11.2      11.233334 11.433333 11.8      12.333333 13.033334]\n",
      "  [11.733334 11.766666 11.966666 12.333333 12.866667 13.566667]\n",
      "  [12.433333 12.466666 12.666667 13.033334 13.566667 14.266666]]\n",
      "\n",
      " [[11.133333 11.166667 11.366667 11.733334 12.266666 12.966666]\n",
      "  [11.166667 11.2      11.4      11.766666 12.3      13.      ]\n",
      "  [11.366667 11.4      11.6      11.966666 12.5      13.2     ]\n",
      "  [11.733334 11.766666 11.966666 12.333333 12.866667 13.566667]\n",
      "  [12.266666 12.3      12.5      12.866667 13.4      14.1     ]\n",
      "  [12.966666 13.       13.2      13.566667 14.1      14.8     ]]\n",
      "\n",
      " [[11.833333 11.866667 12.066667 12.433333 12.966666 13.666667]\n",
      "  [11.866667 11.9      12.1      12.466666 13.       13.7     ]\n",
      "  [12.066667 12.1      12.3      12.666667 13.2      13.9     ]\n",
      "  [12.433333 12.466666 12.666667 13.033334 13.566667 14.266666]\n",
      "  [12.966666 13.       13.2      13.566667 14.1      14.8     ]\n",
      "  [13.666667 13.7      13.9      14.266666 14.8      15.5     ]]\n",
      "\n",
      " [[12.7      12.733334 12.933333 13.3      13.833333 14.533334]\n",
      "  [12.733334 12.766666 12.966666 13.333333 13.866667 14.566667]\n",
      "  [12.933333 12.966666 13.166667 13.533334 14.066667 14.766666]\n",
      "  [13.3      13.333333 13.533334 13.9      14.433333 15.133333]\n",
      "  [13.833333 13.866667 14.066667 14.433333 14.966666 15.666667]\n",
      "  [14.533334 14.566667 14.766666 15.133333 15.666667 16.366667]]]\n"
     ]
    }
   ],
   "source": [
    "import math\n",
    "import numpy as np\n",
    "\n",
    "def F(m):\n",
    "    print('initial m ', m)\n",
    "    for i in range(3, len(m)-3):\n",
    "        m[i] = (1/6)*(4*m[i-1]+4*m[i+1]-m[i+2]-m[i-2])\n",
    "    print('evaluated m ', m)\n",
    "\n",
    "# 1-Axis\n",
    "j1Beg = 10\n",
    "j1End = 20\n",
    "j1Stp = 0.1\n",
    "j1Len = 0\n",
    "\n",
    "\n",
    "# 2-Axis\n",
    "j2Beg = 10\n",
    "j2End = 25\n",
    "j2Stp = 0.1\n",
    "j2Len = 0\n",
    "\n",
    "# 3-Axis\n",
    "j3Beg = 10\n",
    "j3End = 18\n",
    "j3Stp = 0.1\n",
    "j3Len = 0 \n",
    "\n",
    "# Initial values on i, j, k\n",
    "def create_array(begin,end,stp):\n",
    "    ln = 0 \n",
    "    ans = np.array([])\n",
    "    while begin<=end:\n",
    "        ans = np.append(ans,begin)\n",
    "        begin+=stp \n",
    "        stp+=0.5\n",
    "        ln+=1\n",
    "    return ans,ln \n",
    "        \n",
    "#j1 = np.arange(j1Beg,j1End,j1Stp)\n",
    "#j2 = np.arange(j3Beg,j3End,j3Stp)\n",
    "#j3 = np.arange(j3Beg,j3End,j3Stp)\n",
    "j1,j1Len = create_array(j1Beg,j1End,j1Stp)\n",
    "j2,j2Len = create_array(j3Beg,j3End,j3Stp)\n",
    "j3,j3Len = create_array(j3Beg,j3End,j3Stp)\n",
    "\n",
    "print(j1Len)\n",
    "print(j2Len)\n",
    "print(j3Len)\n",
    "\n",
    "Xj1j2j3 = np.empty((j1Len, j2Len, j3Len), dtype=\"float32\")\n",
    "Yj1j2j3 = np.empty((j1Len, j2Len, j3Len), dtype=\"float32\")\n",
    "Zj1j2j3 = np.empty((j1Len, j2Len, j3Len), dtype=\"float32\")\n",
    "\n",
    "\n",
    "def Fill(A, v1,v2,v3):\n",
    "     for i1 in range(0, max(j1.shape)):\n",
    "            for i2 in range(0, max(j2.shape)):\n",
    "                for i3 in range(0, max(j3.shape)):\n",
    "                     A[i1][i2][i3] = (v1[i1]+v2[i2]+v3[i3])/3.0\n",
    "                     #print(A[i1][i2][i3],(v1[i1]+v2[i2]+v3[i3])/3.0)\n",
    "\n",
    "# Initial values on x, y, and z axes\n",
    "Xj1 = Yj1 = Zj1 = j1\n",
    "Xj2 = Yj2 = Zj2 = j2\n",
    "Xj3 = Yj3 = Zj3 = j3\n",
    "\n",
    "# Evaluating coordinates\n",
    "F(Xj1)\n",
    "F(Xj2)\n",
    "F(Xj3)\n",
    "F(Yj1)\n",
    "F(Yj2)\n",
    "F(Yj3)\n",
    "F(Zj1)\n",
    "F(Zj2)\n",
    "F(Zj3)\n",
    "# Evaluating 3D function values\n",
    "Fill(Zj1j2j3, Xj1,Xj2,Xj3)\n",
    "Fill(Yj1j2j3, Yj1,Yj2,Yj3)\n",
    "Fill(Zj1j2j3, Zj1,Zj2,Zj3)\n",
    "print (Zj1j2j3)"
   ]
  }
 ],
 "metadata": {
  "interpreter": {
   "hash": "b393dc20a2c33d49356a6dab00bc6a1954384401560c5dcfdc2e82ffcaa1e73d"
  },
  "kernelspec": {
   "display_name": "Python 3.10.5 64-bit",
   "language": "python",
   "name": "python3"
  },
  "language_info": {
   "codemirror_mode": {
    "name": "ipython",
    "version": 3
   },
   "file_extension": ".py",
   "mimetype": "text/x-python",
   "name": "python",
   "nbconvert_exporter": "python",
   "pygments_lexer": "ipython3",
   "version": "3.10.5"
  },
  "orig_nbformat": 4
 },
 "nbformat": 4,
 "nbformat_minor": 2
}
